Peaks	151 avg	154 avg	156 avg	158 avg	222 avg	278 avg	544 avg	561 avg	568 avg
53066	1026.897974	580.9007085	698.7737029	576.7462896	591.3968612	331.7712094	681.7973367	417.0435123	507.5626292
54148	1241.593684	489.9073749	469.157094	447.9130738	431.9682866	221.385414	776.1221154	311.3456627	385.1123578
64211	906.1229296	962.1145939	784.1833537	727.2839131	2437.416532	337.2457698	779.4235766	906.8249524	1647.012236
139733	24.53408842	2111.87007	215.5907019	34.6637633	2364.377473	82.18367633	501.9123881	640.0766805	1509.83518
560072	8.890914848	1461.191678	411.7024856	16.90254893	1010.377459	238.6159139	597.7925162	596.3654502	686.4383597
711431	751.62161	588.4357354	782.7617663	700.0576558	465.4174482	315.135421	644.9488137	415.6980819	441.1617587
711675	952.3821926	657.0186661	726.9903573	703.6198363	550.1476469	267.6133784	627.3194618	410.0367233	535.0173234
733156	1105.216401	758.7367447	576.6822025	756.8242794	599.9653595	505.2346362	836.7924349	683.2886985	598.3713524
736253	838.4152271	659.9986449	857.4299578	1008.640507	598.8536691	424.5619788	726.2728612	615.1295553	638.35815
736928	1160.196848	873.8861201	849.2967288	1177.289826	660.4903941	517.0859946	920.8442725	724.0669163	671.2923209
737180	923.522658	663.7362146	725.0492259	752.3498529	555.3491357	362.9594226	717.7876353	592.1116733	592.4290442
754615	35.07488264	144.1688492	58.22559763	76.0926488	552.9221127	253.7945742	164.9353489	194.2260208	341.3785578
812427	966.1904306	3353.485519	710.9865795	543.5869018	3931.29513	263.242995	1602.195679	1641.113214	2375.627563
813529	995.858224	5495.993129	1479.089091	542.5450771	10446.14395	351.9687762	1598.703695	1676.340875	5131.85171
895433	800.8462817	794.7316369	646.4837444	437.7790464	6809.144942	157.6651733	792.6711113	1376.761632	3790.140266
898184	1088.904521	613.8295083	525.5111945	578.1238123	465.5641833	210.5275473	686.4667443	470.1729561	418.756034
956560	931.5492794	832.6622063	635.6710297	611.6481717	568.5257022	297.1402572	561.4599707	458.8072212	471.8633115
1195684	1580.185344	900.4099118	1146.620732	1046.004484	735.522777	390.2357009	876.1373464	713.49894	666.5736508
1195963	1305.268517	862.5431877	755.5086482	838.1132166	599.177921	399.1442969	995.2179098	698.2704678	575.3077797
1231146	1040.779008	668.503018	647.4448488	598.8342326	630.3838801	282.5068227	819.9262419	508.8294438	570.7863658
1372370	66.59374567	1151.976896	694.7149294	132.2778168	6758.854503	183.8986946	1534.529781	1914.743732	5258.772586
1387361	9.364547834	296.7280669	30.92653171	503.7224339	878.8555854	41.95241267	404.5512838	605.6822474	796.3556112
1620628	395.0026573	629.4628269	266.758009	269.6269356	1315.416526	174.4376608	831.2544457	863.9366001	1366.892771
1621028	188.9934142	257.6021993	192.2094072	209.3072372	481.2624709	207.4341571	419.2303594	481.707708	428.8654505
1635342	792.7614164	550.3654485	531.9204002	613.1602837	520.9822289	382.3019534	657.7576227	429.4732957	505.141925
1648391	28.51078109	2586.197377	1175.956576	92.94646042	11271.21936	460.0882613	5875.214472	7736.77836	7577.108441
1651804	9.796995342	1021.494462	1505.855197	37.05723414	1112.163053	247.8977642	827.146046	1080.243837	553.623505
1735823	62.38630286	233.2524654	134.7431508	193.8548563	414.7140834	2048.222759	295.2293961	307.3678307	437.6842398
1762030	967.0007864	657.8132171	597.5789467	617.9837848	518.1906718	239.6817292	743.8436185	498.5764342	460.8639198
1765892	1008.637541	564.7968146	713.6327069	723.6584559	588.9503475	390.7694806	742.1872049	487.2775189	587.7748677
1766203	971.0215175	522.2217328	627.5818813	665.4743272	526.6509911	240.5219001	744.5460116	421.4460574	452.3339879
1767099	913.0272868	624.9289322	827.1253193	787.8982075	509.957246	338.3324457	658.8182592	431.1091766	520.285837
1774336	34.98191453	33814.61675	12938.94248	44.79803006	32231.68701	45.81079374	259.5003003	577.625135	22562.78848
1816906	301.6615657	6827.032199	3550.096874	423.1630441	15192.96627	3344.439482	10539.44901	16296.95225	8477.929632
1861853	994.242509	662.6273577	654.8285363	633.8008637	516.9519005	310.2444234	763.8421693	522.702143	467.4704845
1863055	860.7966151	562.3454217	516.4065726	508.858636	461.7040989	208.2486487	676.9985933	388.6182918	430.4264221
1863312	1403.276171	761.5283726	959.429662	857.6534737	690.8969432	360.7845176	876.8868848	549.9413048	674.6460917
1921598	252.0745076	195.7447588	166.3000034	374.1820705	457.3409863	1086.284859	379.7829282	267.8266937	385.2313585
1924465	89.12411867	142.104914	93.28795763	250.6448566	390.0522451	1145.87664	269.9437193	242.1221684	331.6502539
1925890	1209.069708	699.8644883	661.8390172	777.05728	527.8159617	402.1068546	800.7294904	610.6158489	513.2679049
1928093	1119.215452	741.8650814	940.6563886	845.4865892	595.5036751	326.3453073	831.7142578	621.8540604	544.0349453
1928610	1466.184148	862.567088	933.093609	817.7146381	656.1939414	371.9970944	942.0208472	672.8445844	666.336422
1929125	1127.148463	738.4105814	629.5523476	637.7236022	486.8340411	268.1336705	752.7046721	564.3755722	480.4079306
1929320	1307.914084	868.1499083	865.7155774	816.5970713	590.3441907	327.9491065	862.6148736	711.1997286	627.3786298
1929423	1285.748478	837.9537755	800.3570905	792.1032052	550.473969	295.5042032	957.5899943	743.3123484	560.2022489
1931650	1276.080938	759.1329235	842.1605349	683.665139	648.2678253	267.6961793	884.5534045	660.0547946	654.2665724
1931828	1335.523344	789.2428037	751.9696764	718.0644676	617.5202555	301.4679729	980.2962268	653.0997202	598.2330526
1931996	1157.711216	767.1099524	723.0113962	709.8508676	579.0454235	239.4215881	918.9582424	667.6614245	531.3395577
1932145	1207.305943	792.9310647	668.1588955	696.2998195	519.0751588	223.647743	755.8981867	659.3015715	543.3208154
1932413	1339.866121	908.3644168	911.3064304	879.0438763	643.3154721	281.700824	1026.461171	729.8158309	626.5915125
1933063	1141.303069	731.7142123	604.1259425	605.1121599	501.8581513	219.2869921	853.5421956	567.2734694	496.4425051
1934437	1469.138156	796.6154775	695.8781785	680.8292961	639.587167	223.9381518	981.1594106	695.6185608	549.4323424
1934549	1433.073164	717.7999179	574.9961745	534.7245337	577.3239865	199.2978632	981.4038806	678.1565955	568.9756882
1938348	1244.928132	748.9898971	816.3966972	694.8248407	666.5439202	256.2370703	921.3302736	653.2086332	621.8032703
1938815	1226.533272	657.5404769	631.7444606	590.2299142	510.8926729	239.3220392	813.2515718	535.0000407	513.225558
1939178	1049.982283	654.6178011	564.0619621	700.2507591	545.860139	317.0857844	833.8290338	629.7656346	512.2627096
2027979	1020.403826	721.984179	772.5030203	688.041743	581.5140275	398.2388311	830.4371506	592.939649	561.0591501
2028457	1284.743004	717.7816973	677.2880394	630.2431547	472.6032215	253.3749384	831.9843256	592.8496236	500.1831165
2028987	987.5106305	803.6927522	494.0936134	470.8175228	463.8187903	217.140125	714.1979408	535.8382751	438.4017516
2029197	1186.067353	873.719487	697.9794164	651.546812	578.1632243	312.2277773	860.6745239	563.8334256	537.6275953
2029507	1124.418605	722.7091874	776.6334671	673.7957435	534.7153931	259.9009222	702.3943529	571.1252048	480.50604
2029944	947.9519306	766.454493	673.7003923	599.4718977	504.1260188	275.9348464	608.8863856	504.7287833	489.5754394
2030348	960.1522801	558.0152305	628.6660972	626.9534746	493.6042795	295.4075432	766.6165453	453.1697608	490.7167978
2030753	1477.707936	819.3393322	1192.356134	965.3402033	812.0230227	374.5379204	1053.891785	520.3017655	783.967944
2031255	1565.767663	737.5310715	870.3317601	748.3182928	772.673573	295.4546877	1107.401958	524.6336551	722.9918831
2031678	1305.940518	618.6309262	555.2068339	713.7120776	535.7160983	374.2356666	964.1073532	457.1193567	478.1060688
2032697	1623.342454	651.2128879	621.2722082	835.9329161	608.6171556	482.2109506	1345.638489	451.5702586	551.5007074
2034193	1064.325235	650.5544308	608.9294936	540.7722617	541.7522875	294.0997222	882.9993601	529.3988262	504.2971195
2035624	1141.296243	775.0018203	792.8670367	658.7955954	554.285745	298.8005858	894.5703654	649.3953545	592.94774
2035849	973.682749	683.2100457	644.1966865	540.3985785	489.7363488	224.5421169	798.6391705	587.4764863	469.9538736
2036100	1087.860499	619.280406	605.7217577	493.4521484	552.8585231	183.5107709	688.8670464	519.2316403	507.860932
2036498	1045.311219	586.9984201	521.5872982	516.4556275	515.3663354	248.7419488	731.6372652	477.9681791	438.9187023
2037512	1078.023175	699.7007089	660.7523957	626.3069309	515.9353824	225.3427939	693.9229189	627.898697	480.9254957
2039630	1048.812418	677.8827363	831.4506491	667.2747494	612.3245763	262.3115054	824.8487867	556.3581234	550.2518754
2040895	1189.15806	730.0269651	735.6010228	674.6664589	517.2418409	330.3966617	827.2905246	585.3370085	496.5618489
2041043	1237.617933	762.7159462	774.0038396	799.1224437	596.2537366	361.8248986	874.2276788	606.4381052	590.4332831
2422185	1030.084564	812.0194424	939.8786803	917.8756723	655.444842	349.4517145	829.1983061	544.5341144	601.4732626
2444398	8.418552129	166.830184	61.94085181	18.65719143	885.1268875	27.87236489	170.7157705	321.1122575	736.3741618
2477339	983.4933703	634.5199684	712.0360033	657.9707543	525.9524127	243.1519116	703.7201046	493.5649495	526.2510303
2477468	890.208144	601.2393431	909.5315786	719.6099538	510.2806775	376.5846614	585.4425608	447.9251197	533.5682709
2478717	727.5975298	611.8349238	775.7600676	669.0319808	494.2525685	265.3037512	611.850031	478.808062	481.8085055
2478901	947.2724644	808.0783657	783.3638599	800.5015364	547.5369631	334.3177684	868.2277284	684.807454	544.1236164
2568048	20.89274268	1602.725841	748.9863112	20.664079	7797.727025	283.7953512	1939.788858	1779.96541	7130.424098
2647472	118.1610597	1094.301547	1597.726957	187.1615504	2294.224758	761.6448597	2963.549555	3484.885773	1546.813436
2677542	23.24405358	9811.638177	1878.999859	45.17324108	17187.87623	136.6566627	53.68186247	90.65008702	11243.2962
2721761	410.1494198	315.4302157	269.3573739	307.1279071	431.0183913	168.4103826	382.903763	278.4230792	419.9668055
2859603	721.1883615	462.855937	541.7766999	560.6428305	492.6774039	263.68227	481.7571089	365.8455767	433.7186663
2866123	1320.122158	790.9717703	592.3073905	579.1281861	623.8875414	221.4534786	837.572983	597.2990877	635.8056639
2867864	1287.782955	529.8448418	580.7983815	569.6436557	592.565048	178.8892174	788.5069435	454.2545109	539.2331442
2870549	1546.594942	704.1977759	767.5548155	826.1366817	587.309182	363.8976163	935.1752394	616.2800754	577.265176
2870709	1377.263539	696.8217476	745.6752038	744.5311179	600.9588517	303.8407419	980.5749348	584.9928906	586.9444664
2870815	1120.485504	641.9663077	657.1993118	662.6246691	603.1928911	293.7913167	811.4436594	528.4192932	512.9684568
2910738	487.4061352	210.624841	338.1346452	912.5726006	347.0098628	387.6034474	308.4263867	248.9272365	427.6475613
3174873	1024.389701	616.1736429	525.0144518	584.3357234	533.9097089	286.6001288	705.2262228	444.3583081	510.8270389
3175027	1068.548194	585.7501531	601.4110619	559.2580495	602.4440662	216.4985488	776.6410614	443.1576681	567.6985609
3181581	1246.541347	806.2387584	647.914666	693.7099385	538.7817835	324.3800665	993.3309352	670.5511894	564.7893833
3182110	941.2950993	642.8035841	657.466271	689.3573774	497.3953972	301.3473008	725.1875381	480.4999997	493.5920373
3183400	1201.197252	589.9501166	633.018898	644.7788966	576.6127008	251.5720588	907.0585057	570.7851438	562.9504781
3183679	1317.154591	768.438346	762.6077934	844.8790374	621.275916	344.1045378	1025.340924	635.1227914	669.7845754
3183968	1154.423357	827.0748802	593.5059253	698.3503362	544.0881094	252.0431203	890.3166849	653.7512305	525.433374
3184251	998.1760716	670.4330702	548.0018895	609.2040295	513.3751167	248.1956576	845.0000371	537.1278562	479.8077843
3188223	243.5930645	258.0039517	221.0232081	300.4008863	556.7523653	969.3382066	258.9999152	339.1471701	338.586395
3236436	5.398100228	4885.018523	1217.361145	18.06896485	3334.980996	111.0284914	274.7494764	342.0788307	2999.668126
3364761	4.890775394	37.02776657	14.21151185	7.750189934	423.7073323	18.75572495	93.98358685	111.9608474	343.8176277
3405263	973.3917977	584.7355699	545.4440716	597.2536803	478.8686228	217.7654165	672.3566652	494.4064596	468.5400498
3405951	1047.747586	719.8141617	897.9331595	913.112627	597.1300044	337.0426387	835.5696455	495.2797434	540.4302192
3407018	871.4699447	668.959193	677.9011048	700.2210794	492.6102103	262.0221867	772.4326906	527.5348742	482.6451479
3512549	1282.901662	644.8726663	441.2183644	529.8713106	509.6334941	222.9891141	1051.167814	510.571495	447.8525025
3515027	964.7410041	581.2002458	627.0761314	614.9891504	451.6062934	230.4492309	629.0905658	543.1481286	495.3415142
3561157	340.6213278	336.4796849	283.0509332	367.1722889	453.3909121	174.7310947	388.6029368	419.9940398	392.8976141
3561969	314.7989219	348.0013498	169.0568449	162.9246612	2238.420609	105.9594227	1093.091005	1218.813174	1286.980857
3600666	5.971894166	206.6377523	97.76981702	12.24075111	555.4785433	35.81327982	205.0546815	277.3538508	517.6252109
3831541	373.5089621	628.9983717	460.6069101	211.2768988	3119.509431	169.468354	1056.073	1767.945039	1815.431215
4133306	1013.110988	639.864959	488.8440281	485.9029746	470.6051769	214.8813141	689.6189625	523.3060332	424.9186297
4134459	880.2554969	706.6019332	469.711514	470.9002239	452.6898263	275.415191	681.1521869	521.6364139	459.7453167
4134700	1241.034184	808.8205999	620.8658104	732.7889664	509.6915226	348.4029124	870.4827354	708.4135404	537.9116287
4285523	136.555843	272.9348873	148.7979194	131.315164	1059.755133	99.70303425	359.3310739	405.6712685	826.4952896
4313855	127.658278	2645.484964	3051.642307	141.1819383	2800.541886	556.0833043	2295.921288	2597.874091	1970.412827
4314560	137.2738049	651.9380623	932.8829958	180.0245906	620.430725	377.0667255	885.9098903	974.9237476	416.5879762
4354082	1369.678663	703.9071559	568.374826	644.6905927	527.952221	224.4990107	1015.730605	482.5752765	483.8146744
4354199	1302.616409	634.3402344	528.0839462	596.6844367	498.1980464	237.0902183	898.94115	450.2493237	466.0335173
4355373	1611.462314	755.8904502	816.0169192	792.3282708	659.5040377	280.1287469	1203.155434	594.1513613	657.2506047
4382169	39.32868247	1398.370302	530.1780682	34.55495572	1136.777346	232.5055623	735.6399864	880.7329679	979.222255
4400553	1442.019401	750.1257974	707.6241233	809.5058112	613.8224213	302.6315259	1118.781377	518.2006405	567.3470766
4400847	1405.410534	897.8637726	788.9442863	785.7058498	613.0695363	363.0508824	1110.243023	578.2558729	538.0102187
4402913	1352.402844	587.9653758	461.1593735	529.5093223	456.1801017	221.6873903	883.3553653	452.4807502	430.5936943
4405414	1072.408011	659.0641131	711.9151394	689.4318733	534.5444184	223.6661063	808.4845045	573.3644016	465.3002971
4425570	8.746765679	3189.214489	1422.683303	17.62348156	7939.235307	393.9327762	3470.259313	6100.862625	4751.61702
4576933	811.021854	567.9956751	432.9001795	511.2246628	428.1189305	253.4015692	653.9979565	444.8975199	423.0323748
4587198	963.6605363	557.4782096	651.3912018	578.5232425	543.3151758	233.2839789	700.2167164	486.109156	486.3520731
4587495	1261.350112	651.1497169	633.4704999	571.8535796	631.1401453	231.8253469	914.7597179	537.5864379	587.4436719
4752954	1294.720971	650.902712	564.9386421	586.5742868	563.2372728	230.6825753	950.3471344	537.5661327	554.0583342
4753616	1431.756414	707.245014	718.2396227	751.1497911	539.0119814	343.5075841	963.8493879	507.9460624	515.3033106
4754176	1480.244794	723.0374613	661.1838625	705.821443	578.4804249	297.5173888	1001.660089	586.939628	523.867372
4754652	1406.107338	706.0933642	846.588637	818.3202388	609.7498659	354.9719404	929.2075957	560.7522793	559.5148193
4754878	1389.6202	738.0316621	749.4119895	712.7572937	632.400256	337.6932801	908.0775961	544.3228055	595.3250706
4755307	1512.050559	738.6766687	586.1520722	610.7120921	580.7324943	294.500856	1001.866902	475.0634198	564.8866904
4755608	951.9115553	461.6502698	376.8654567	396.4700016	414.8827797	143.3760063	699.7884187	381.1683931	406.7483619
5159548	12.72804403	236.2519265	36.56683796	40.32189896	881.2236121	62.29281543	65.95878243	106.4357276	558.303117
5219733	1442.427146	534.6844994	1455.010208	3658.426935	912.1786838	634.9981728	879.3649921	541.4421257	910.64819
5233092	1203.86138	746.0341318	794.0813558	766.6541486	662.5331618	306.3437686	819.2516956	614.7007292	610.2155372
5236558	1006.168981	606.3758337	484.6339292	498.6079693	491.5295209	220.0249658	777.414484	488.4435811	445.0833163
5236864	781.1135036	525.0958415	604.5436666	554.2085933	471.662222	214.3570133	539.9873071	490.0709449	380.2761335
5236985	762.7207415	493.823575	525.9770125	541.4024648	487.3713179	237.7433248	499.6386165	454.86274	409.1807076
5268881	29.37484076	247.0654078	62.18784769	27.07050063	679.4590102	60.8704443	150.2237188	185.1584444	566.565468
5270523	693.432572	476.0782655	521.6985149	537.0427358	434.2646235	211.6912985	496.5819475	374.1256141	377.5117984
5275584	1362.511592	740.9361041	845.8387121	864.7673914	632.2232956	386.1530333	944.7597869	608.9561845	619.284275
5276703	1107.346581	905.4624154	659.356544	661.0521111	465.9285532	241.0641603	742.338101	558.8307417	452.2304897
5291283	915.8042158	578.7947943	554.3622652	621.1289943	439.0007855	255.2052292	623.8692603	470.7586371	443.2104375
5300407	1074.015198	588.725255	800.4977638	614.0574289	536.4611312	254.4117643	837.2967424	466.0640447	527.952918
5300796	1528.062291	733.017474	773.633653	828.1283871	654.3143734	269.5220031	960.9634599	577.691844	644.1390195
5301027	1146.92662	568.6563618	565.5044964	603.7090203	521.8147717	225.8138405	799.584082	524.4475009	498.9461261
5305066	1400.168922	761.5126839	839.0718876	769.8181092	596.2652494	320.6473175	870.8132002	579.2826733	596.4010707
5330676	1243.024382	762.2252086	827.1676711	772.4461953	557.9254644	332.1859323	947.1834961	521.5641285	520.9545232
5331461	1245.106109	940.9846433	978.546421	1117.150166	598.1934185	373.4381806	919.2366551	679.0906375	548.2766981
5331638	1201.362774	852.4487187	819.8583477	942.4539476	611.9200451	398.2234259	794.662782	648.7326463	540.9478112
5352651	707.6577231	483.5063597	426.1162161	466.6887621	427.505274	218.3620135	490.18876	440.0634331	381.7325966
5352994	1181.709545	681.512986	500.9522722	542.51624	525.1503649	203.9425988	882.7512041	637.7613808	482.3301154
5403392	6709.485424	3102.846994	5855.20198	7831.374367	3058.531082	4584.547684	3222.478452	3161.807523	2619.990525
5414219	62.92668028	508.3147401	207.2223525	39.26344077	967.3838814	186.0446623	644.0512526	620.9301083	1090.747055
5515082	632.2513082	186.2660045	546.0823621	1129.125764	369.2381002	165.7942502	301.8143056	225.0751355	347.0686708
5996355	1225.503954	824.2731303	804.8389961	865.9866636	536.5076672	292.2846334	795.9595607	550.1934467	504.8631058
5996882	981.9531866	826.9225308	594.2106025	531.8728073	416.3111345	184.5899003	677.8243686	513.4533474	450.1492228
5998097	1009.06605	746.2140417	832.8236669	827.2089458	509.796329	300.5510289	698.1850566	555.332279	520.2071583
5999094	1448.297639	910.4206124	671.8066627	797.6441138	567.6952195	249.7096793	1114.655299	678.5197169	518.6873833
6082366	23.15138626	1291.516983	673.5479	34.44534721	10477.03766	120.7069738	1507.052909	4067.479241	6109.485554
6093032	16.5411172	205.1497864	50.90728041	44.74183263	3285.237203	83.00966603	269.1940739	333.9489167	2756.224692
6199144	607.6908839	468.7609504	713.6857407	793.3269957	472.2642765	354.9616711	517.4515327	364.7743388	432.8191244
