53066
54148
64211
139733
560072
711431
711675
733156
736253
736928
737180
754615
812427
813529
895433
898184
956560
1195684
1195963
1231146
1372370
1387361
1620628
1621028
1635342
1648391
1651804
1735823
1762030
1765892
1766203
1767099
1774336
1816906
1861853
1863055
1863312
1921598
1924465
1925890
1928093
1928610
1929125
1929320
1929423
1931650
1931828
1931996
1932145
1932413
1933063
1934437
1934549
1938348
1938815
1939178
2027979
2028457
2028987
2029197
2029507
2029944
2030348
2030753
2031255
2031678
2032697
2034193
2035624
2035849
2036100
2036498
2037512
2039630
2040895
2041043
2422185
2444398
2477339
2477468
2478717
2478901
2568048
2647472
2677542
2721761
2859603
2866123
2867864
2870549
2870709
2870815
2910738
3174873
3175027
3181581
3182110
3183400
3183679
3183968
3184251
3188223
3236436
3364761
3405263
3405951
3407018
3512549
3515027
3561157
3561969
3600666
3831541
4133306
4134459
4134700
4285523
4313855
4314560
4354082
4354199
4355373
4382169
4400553
4400847
4402913
4405414
4425570
4576933
4587198
4587495
4752954
4753616
4754176
4754652
4754878
4755307
4755608
5159548
5219733
5233092
5236558
5236864
5236985
5268881
5270523
5275584
5276703
5291283
5300407
5300796
5301027
5305066
5330676
5331461
5331638
5352651
5352994
5403392
5414219
5515082
5996355
5996882
5998097
5999094
6082366
6093032
6199144
